-213.623954,-9.221807,0.000000
-213.623954,-9.221807,0.062453
-213.623954,-9.221807,0.124942
-212.781370,-10.064316,0.187466
-212.781370,-10.064316,0.249911
-211.938785,-10.064316,0.312396
-211.938785,-10.064316,0.375435
-211.938785,-10.906825,0.432585
-211.938785,-10.906825,0.495072
-211.938785,-10.906825,0.542297
-211.938785,-11.749333,0.606093
-211.938785,-11.749333,0.683892
-211.938785,-11.749333,0.746375
-211.096200,-11.749333,0.808862
-211.096200,-11.749333,0.855773
-211.096200,-12.591842,0.933833
-210.253615,-12.591842,0.996318
-210.253615,-12.591842,1.055712
-209.411031,-11.749333,1.102978
-209.411031,-11.749333,1.180718
-208.568446,-11.749333,1.228899
-208.568446,-11.749333,1.291742
-208.568446,-11.749333,1.354159
-208.568446,-11.749333,1.416362
-208.568446,-11.749333,1.494470
-208.568446,-11.749333,1.541704
-208.568446,-10.906825,1.619440
-208.568446,-10.906825,1.681926
-208.568446,-10.906825,1.744409
-208.568446,-10.906825,1.786410
-208.568446,-10.906825,1.849146
-208.568446,-10.906825,1.927003
-207.725861,-10.906825,1.991054
-207.725861,-10.906825,2.053573
-208.568446,-10.906825,2.116026
-208.568446,-10.906825,2.178511
-208.568446,-10.906825,2.225744
-208.568446,-10.906825,2.288193
-208.568446,-11.749333,2.365999
-207.725861,-11.749333,2.428452
-207.725861,-11.749333,2.475678
-206.883276,-12.591842,2.553454
-206.883276,-12.591842,2.615940
-206.040691,-12.591842,2.662821
-205.198107,-12.591842,2.740911
-204.355522,-12.591842,2.803387
-202.670352,-12.591842,2.865882
-201.827767,-12.591842,2.928365
-200.142598,-12.591842,2.990819
-199.300013,-12.591842,3.053304
-198.457428,-12.591842,3.111486
-196.772259,-12.591842,3.174008
-195.929674,-12.591842,3.236462
-195.929674,-12.591842,3.298978
-195.087089,-12.591842,3.362779
-194.244504,-12.591842,3.425446
-193.401920,-12.591842,3.487936
-193.401920,-12.591842,3.550419
-192.559335,-12.591842,3.612904
-192.559335,-12.591842,3.677197
-191.716750,-12.591842,3.739687
-190.874165,-12.591842,3.802168
-190.031581,-13.434351,3.864654
-189.188996,-13.434351,3.927140
-188.346411,-14.276859,3.989590
-186.661241,-15.119368,4.052078
-184.133487,-15.961877,4.114596
-181.605733,-16.804385,4.177082
-178.235394,-16.804385,4.239532
-174.865054,-17.646894,4.302018
-171.494715,-16.804385,4.364537
-167.281791,-16.804385,4.427022
-163.911452,-16.804385,4.485574
-160.541113,-16.804385,4.548063
-157.170774,-15.961877,4.610557
-153.800435,-15.961877,4.673068
-150.430096,-15.961877,4.737132
-147.902341,-15.961877,4.799651
-146.217172,-16.804385,4.862102
-143.689417,-16.804385,4.924587
-142.004248,-16.804385,4.987106
-140.319078,-16.804385,5.049558
-138.633909,-16.804385,5.112043
-136.948739,-16.804385,5.174529
-135.263570,-16.804385,5.237014
-134.420985,-16.804385,5.299501
-132.735815,-16.804385,5.362019
-131.893230,-16.804385,5.424503
-131.893230,-17.646894,5.486955
-131.050646,-17.646894,5.549440
-131.050646,-18.489402,5.611928
-130.208061,-20.174420,5.674411
-129.365476,-21.859437,5.736897
-126.837722,-23.544454,5.799381
-123.467383,-26.071980,5.873624
-118.411874,-29.442015,5.951764
-111.671196,-31.969541,6.014250
-104.087933,-33.654558,6.076703
-96.504670,-34.497067,6.139186
-88.921407,-33.654558,6.201713
-80.495559,-32.812049,6.265730
-73.754880,-31.969541,6.328215
-67.014202,-30.284524,6.390701
-61.958693,-29.442015,6.453186
-56.903185,-28.599506,6.515705
-52.690261,-27.756998,6.578158
-49.319922,-26.914489,6.640643
-45.949583,-26.071980,6.703127
-44.264413,-25.229472,6.765612
-43.421828,-24.386963,6.828098
-41.736659,-24.386963,6.890583
-41.736659,-23.544454,6.953103
-40.894074,-23.544454,7.015553
-40.051489,-23.544454,7.078072
-38.366320,-23.544454,7.140524
-36.681150,-23.544454,7.203052
-34.153396,-24.386963,7.265495
-30.783057,-25.229472,7.327980
-27.412717,-26.914489,7.390465
-22.357209,-27.756998,7.452993
-16.459115,-28.599506,7.515436
-9.718437,-27.756998,7.577921
-3.820343,-27.756998,7.640406
2.077750,-26.914489,7.702934
7.133259,-26.914489,7.765409
12.188767,-26.071980,7.827862
15.559107,-26.071980,7.890348
18.929446,-26.071980,7.952877
21.457200,-25.229472,8.015318
23.984954,-25.229472,8.077803
25.670124,-25.229472,8.140333
27.355294,-24.386963,8.202816
29.040463,-24.386963,8.261949
30.725633,-24.386963,8.324437
31.568217,-23.544454,8.386958
32.410802,-23.544454,8.449408
33.253387,-23.544454,8.519033
34.938557,-22.701946,8.571033
35.781141,-23.544454,8.633530
37.466311,-24.386963,8.696047
39.994065,-26.071980,8.760269
43.364404,-27.756998,8.822754
47.577328,-30.284524,8.885273
52.632837,-31.969541,8.947774
59.373515,-33.654558,9.010244
66.956778,-34.497067,9.072695
75.382626,-34.497067,9.135223
82.965889,-32.812049,9.197667
90.549152,-31.969541,9.260154
98.132415,-31.127032,9.322637
104.030509,-30.284524,9.385122
109.928602,-29.442015,9.447651
114.141526,-29.442015,9.510092
118.354450,-28.599506,9.572577
121.724789,-27.756998,9.635064
124.252544,-27.756998,9.697594
126.780298,-26.914489,9.760034
129.308052,-26.071980,9.822563
131.835807,-26.071980,9.885046
133.520976,-25.229472,9.947489
135.206146,-25.229472,10.009975
137.733900,-24.386963,10.072460
140.261654,-25.229472,10.134979
143.631994,-25.229472,10.197480
147.844918,-26.914489,10.259916
152.900426,-27.756998,10.322437
158.798520,-29.442015,10.384929
167.224368,-30.284524,10.447373
176.492800,-31.127032,10.509857
185.761233,-30.284524,10.572344
194.187081,-30.284524,10.634861
202.612928,-29.442015,10.697357
